[1.6253968254e-01 5.8049886621e-01 9.7523809524e-01 1.3931972789e+00
 1.8111564626e+00 2.2291156463e+00 2.7863945578e+00 3.2043537415e+00
 3.5990929705e+00 4.0170521542e+00 4.4350113379e+00 4.8529705215e+00
 5.2709297052e+00 5.8049886621e+00 6.2229478458e+00 6.6409070295e+00
 7.1749659864e+00 7.5929251701e+00 8.0108843537e+00 8.4288435374e+00
 8.8468027211e+00 9.3808616780e+00 9.7988208617e+00 1.0216780045e+01
 1.0634739229e+01 1.1052698413e+01 1.1586757370e+01 1.2004716553e+01
 1.2422675737e+01 1.2817414966e+01 1.3235374150e+01 1.3653333333e+01
 1.4071292517e+01 1.4605351474e+01 1.5023310658e+01 1.5441269841e+01
 1.5998548753e+01 1.6416507937e+01 1.6811247166e+01 1.7229206349e+01
 1.7647165533e+01 1.8181224490e+01 1.8599183673e+01 1.9017142857e+01
 1.9435102041e+01 1.9853061224e+01 2.0387120181e+01 2.0805079365e+01
 2.1223038549e+01 2.1640997732e+01 2.2058956916e+01 2.2593015873e+01
 2.3010975057e+01 2.3428934240e+01 2.3846893424e+01 2.4264852608e+01
 2.4798911565e+01 2.5216870748e+01 2.5634829932e+01 2.6029569161e+01
 2.6447528345e+01 2.6865487528e+01 2.7283446712e+01 2.7724625850e+01
 2.8189024943e+01 2.8653424036e+01 2.9071383220e+01 2.9489342404e+01
 2.9930521542e+01 3.0394920635e+01 3.0859319728e+01 3.1277278912e+01
 3.1695238095e+01 3.2136417234e+01 3.2577596372e+01 3.3041995465e+01
 3.3459954649e+01 3.3877913832e+01 3.4249433107e+01 3.4620952381e+01
 3.5015691610e+01 3.5410430839e+01 3.5805170068e+01 3.6223129252e+01
 3.6641088435e+01 3.7059047619e+01 3.7477006803e+01 3.8011065760e+01
 3.8429024943e+01 3.8846984127e+01 3.9241723356e+01 3.9659682540e+01
 4.0077641723e+01 4.0495600907e+01 4.1029659864e+01 4.1447619048e+01
 4.1865578231e+01 4.2399637188e+01 4.2817596372e+01 4.3235555556e+01
 4.3653514739e+01 4.4071473923e+01 4.4489433107e+01 4.4907392290e+01
 4.5325351474e+01 4.5743310658e+01 4.6161269841e+01 4.6556009070e+01
 4.6973968254e+01 4.7368707483e+01 4.7786666667e+01 4.8181405896e+01
 4.8599365079e+01 4.9017324263e+01 4.9435283447e+01 4.9853242630e+01
 5.0247981859e+01 5.0665941043e+01 5.1223219955e+01 5.1641179138e+01
 5.2059138322e+01 5.2477097506e+01 5.2895056689e+01 5.3313015873e+01
 5.3730975057e+01 5.4148934240e+01 5.4566893424e+01 5.4984852608e+01
 5.5402811791e+01 5.5820770975e+01 5.6238730159e+01 5.6656689342e+01
 5.7074648526e+01 5.7492607710e+01 5.7910566893e+01 5.8328526077e+01
 5.8746485261e+01 5.9164444444e+01 5.9582403628e+01 6.0000362812e+01
 6.0418321995e+01 6.0836281179e+01 6.1254240363e+01 6.1672199546e+01
 6.2113378685e+01 6.2508117914e+01 6.2926077098e+01 6.3320816327e+01
 6.3738775510e+01 6.4110294785e+01 6.4505034014e+01 6.4899773243e+01
 6.5294512472e+01 6.5689251701e+01 6.6083990930e+01 6.6501950113e+01
 6.6919909297e+01 6.7337868481e+01 6.7732607710e+01 6.8150566893e+01
 6.8545306122e+01 6.8963265306e+01 6.9381224490e+01 6.9799183673e+01
 7.0217142857e+01 7.0635102041e+01 7.1053061224e+01 7.1471020408e+01
 7.1888979592e+01 7.2283718821e+01 7.2701678005e+01 7.3119637188e+01
 7.3560816327e+01 7.4001995465e+01 7.4443174603e+01 7.4884353741e+01
 7.5325532880e+01 7.5720272109e+01 7.6138231293e+01 7.6532970522e+01
 7.6950929705e+01 7.7345668934e+01 7.7763628118e+01 7.8181587302e+01
 7.8599546485e+01 7.9017505669e+01 7.9435464853e+01 7.9853424036e+01
 8.0271383220e+01 8.0666122449e+01 8.1084081633e+01 8.1502040816e+01
 8.1920000000e+01 8.2337959184e+01 8.2779138322e+01 8.3220317460e+01
 8.3684716553e+01 8.4125895692e+01 8.4543854875e+01 8.4985034014e+01
 8.5426213152e+01 8.5890612245e+01 8.6308571429e+01 8.6726530612e+01
 8.7144489796e+01 8.7562448980e+01 8.7980408163e+01 8.8398367347e+01
 8.8793106576e+01 8.9211065760e+01 8.9605804989e+01 8.9954104308e+01
 9.0302403628e+01 9.0720362812e+01 9.1138321995e+01 9.1579501134e+01
 9.2043900227e+01 9.2508299320e+01 9.2926258503e+01 9.3344217687e+01
 9.3785396825e+01 9.4249795918e+01 9.4714195011e+01 9.5132154195e+01
 9.5526893424e+01 9.5944852608e+01 9.6362811791e+01 9.6780770975e+01
 9.7198730159e+01 9.7616689342e+01 9.8011428571e+01 9.8429387755e+01
 9.8777687075e+01 9.9125986395e+01 9.9520725624e+01 9.9938684807e+01
 1.0037986395e+02 1.0084426304e+02 1.0130866213e+02 1.0172662132e+02
 1.0214458050e+02 1.0258575964e+02 1.0305015873e+02 1.0351455782e+02
 1.0393251701e+02 1.0435047619e+02 1.0479165533e+02 1.0525605442e+02
 1.0572045351e+02 1.0613841270e+02 1.0655637188e+02 1.0699755102e+02
 1.0746195011e+02 1.0792634921e+02 1.0834430839e+02 1.0873904762e+02
 1.0918022676e+02 1.0964462585e+02 1.1010902494e+02 1.1055020408e+02
 1.1096816327e+02 1.1140934240e+02 1.1185052154e+02 1.1231492063e+02
 1.1273287982e+02 1.1315083900e+02 1.1354557823e+02 1.1396353741e+02
 1.1438149660e+02 1.1479945578e+02 1.1521741497e+02 1.1563537415e+02
 1.1603011338e+02 1.1644807256e+02 1.1686603175e+02 1.1728399093e+02
 1.1770195011e+02 1.1809668934e+02 1.1851464853e+02 1.1893260771e+02
 1.1935056689e+02 1.1976852608e+02 1.2020970522e+02 1.2067410431e+02
 1.2113850340e+02 1.2153324263e+02 1.2195120181e+02 1.2241560091e+02
 1.2285678005e+02 1.2332117914e+02 1.2376235828e+02 1.2418031746e+02
 1.2462149660e+02 1.2506267574e+02 1.2552707483e+02 1.2594503401e+02
 1.2636299320e+02 1.2675773243e+02 1.2715247166e+02 1.2754721088e+02
 1.2796517007e+02 1.2838312925e+02 1.2880108844e+02 1.2921904762e+02
 1.2963700680e+02 1.3005496599e+02 1.3047292517e+02 1.3089088435e+02
 1.3130884354e+02 1.3172680272e+02 1.3214476190e+02 1.3256272109e+02
 1.3302712018e+02 1.3351473923e+02 1.3393269841e+02 1.3435065760e+02
 1.3476861678e+02 1.3520979592e+02 1.3565097506e+02 1.3609215420e+02
 1.3653333333e+02 1.3697451247e+02 1.3743891156e+02 1.3792653061e+02
 1.3834448980e+02 1.3876244898e+02 1.3918040816e+02 1.3962158730e+02
 1.4006276644e+02 1.4050394558e+02 1.4094512472e+02 1.4136308390e+02
 1.4178104308e+02 1.4219900227e+02 1.4259374150e+02 1.4301170068e+02
 1.4338321995e+02 1.4377795918e+02 1.4417269841e+02 1.4456743764e+02
 1.4496217687e+02 1.4535691610e+02 1.4577487528e+02 1.4619283447e+02
 1.4661079365e+02 1.4702875283e+02 1.4742349206e+02 1.4781823129e+02
 1.4823619048e+02 1.4865414966e+02 1.4907210884e+02 1.4949006803e+02
 1.4990802721e+02 1.5032598639e+02 1.5072072562e+02 1.5111546485e+02
 1.5153342404e+02 1.5195138322e+02 1.5236934240e+02 1.5278730159e+02
 1.5318204082e+02 1.5360000000e+02 1.5401795918e+02 1.5443591837e+02
 1.5485387755e+02 1.5527183673e+02 1.5566657596e+02 1.5601487528e+02
 1.5636317460e+02 1.5678113379e+02 1.5717587302e+02 1.5759383220e+02
 1.5801179138e+02 1.5842975057e+02 1.5884770975e+02 1.5926566893e+02
 1.5968362812e+02 1.6007836735e+02 1.6042666667e+02 1.6077496599e+02
 1.6116970522e+02 1.6158766440e+02 1.6205206349e+02 1.6249324263e+02
 1.6295764172e+02 1.6339882086e+02 1.6379356009e+02 1.6423473923e+02
 1.6469913832e+02 1.6516353741e+02 1.6558149660e+02 1.6599945578e+02
 1.6644063492e+02 1.6690503401e+02 1.6736943311e+02 1.6778739229e+02
 1.6820535147e+02 1.6864653061e+02 1.6911092971e+02 1.6957532880e+02
 1.6999328798e+02 1.7041124717e+02 1.7085242630e+02 1.7131682540e+02
 1.7178122449e+02 1.7219918367e+02 1.7261714286e+02 1.7305832200e+02
 1.7349950113e+02 1.7396390023e+02 1.7438185941e+02 1.7479981859e+02
 1.7526421769e+02 1.7570539683e+02 1.7616979592e+02 1.7658775510e+02
 1.7700571429e+02 1.7744689342e+02 1.7791129252e+02 1.7837569161e+02
 1.7879365079e+02 1.7921160998e+02 1.7960634921e+02 1.8002430839e+02
 1.8044226757e+02 1.8086022676e+02 1.8127818594e+02 1.8169614512e+02
 1.8209088435e+02 1.8243918367e+02 1.8278748299e+02 1.8320544218e+02
 1.8360018141e+02 1.8401814059e+02 1.8443609977e+02 1.8485405896e+02
 1.8527201814e+02 1.8568997732e+02 1.8608471655e+02 1.8650267574e+02
 1.8692063492e+02 1.8733859410e+02 1.8775655329e+02 1.8817451247e+02
 1.8859247166e+02 1.8898721088e+02 1.8938195011e+02 1.8979990930e+02
 1.9021786848e+02 1.9065904762e+02 1.9112344671e+02 1.9158784580e+02
 1.9200580499e+02 1.9242376417e+02 1.9286494331e+02 1.9332934240e+02
 1.9379374150e+02 1.9421170068e+02 1.9462965986e+02 1.9507083900e+02
 1.9553523810e+02 1.9599963719e+02 1.9641759637e+02 1.9681233560e+02
 1.9720707483e+02 1.9760181406e+02 1.9799655329e+02 1.9841451247e+02
 1.9883247166e+02 1.9925043084e+02 1.9966839002e+02 2.0008634921e+02
 2.0050430839e+02 2.0092226757e+02 2.0134022676e+02 2.0175818594e+02
 2.0217614512e+02 2.0259410431e+02 2.0301206349e+02 2.0343002268e+02
 2.0384798186e+02 2.0424272109e+02 2.0466068027e+02 2.0503219955e+02
 2.0542693878e+02 2.0582167800e+02 2.0621641723e+02 2.0661115646e+02
 2.0700589569e+02 2.0742385488e+02 2.0784181406e+02 2.0825977324e+02
 2.0867773243e+02 2.0907247166e+02 2.0946721088e+02 2.0988517007e+02
 2.1030312925e+02 2.1072108844e+02 2.1113904762e+02 2.1155700680e+02
 2.1197496599e+02 2.1239292517e+02 2.1278766440e+02 2.1320562358e+02
 2.1362358277e+02 2.1404154195e+02 2.1448272109e+02 2.1492390023e+02
 2.1536507937e+02 2.1580625850e+02 2.1622421769e+02 2.1664217687e+02
 2.1706013605e+02 2.1745487528e+02 2.1787283447e+02 2.1826757370e+02
 2.1868553288e+02 2.1910349206e+02 2.1952145125e+02 2.1993941043e+02
 2.2035736961e+02 2.2077532880e+02 2.2119328798e+02 2.2158802721e+02
 2.2200598639e+02 2.2242394558e+02 2.2281868481e+02 2.2323664399e+02
 2.2370104308e+02 2.2414222222e+02 2.2460662132e+02 2.2504780045e+02
 2.2546575964e+02 2.2590693878e+02 2.2634811791e+02 2.2681251701e+02
 2.2723047619e+02 2.2764843537e+02 2.2808961451e+02 2.2855401361e+02
 2.2901841270e+02 2.2943637188e+02 2.2985433107e+02 2.3029551020e+02
 2.3075990930e+02 2.3122430839e+02 2.3164226757e+02 2.3206022676e+02
 2.3250140590e+02 2.3296580499e+02 2.3343020408e+02 2.3384816327e+02
 2.3426612245e+02 2.3470730159e+02 2.3514848073e+02 2.3561287982e+02
 2.3603083900e+02 2.3644879819e+02 2.3688997732e+02 2.3735437642e+02
 2.3781877551e+02 2.3825995465e+02 2.3865469388e+02 2.3909587302e+02
 2.3956027211e+02 2.4002467120e+02 2.4044263039e+02 2.4086058957e+02
 2.4130176871e+02 2.4176616780e+02 2.4223056689e+02 2.4264852608e+02
 2.4306648526e+02 2.4350766440e+02 2.4397206349e+02 2.4443646259e+02
 2.4485442177e+02 2.4527238095e+02 2.4571356009e+02 2.4617795918e+02
 2.4664235828e+02 2.4706031746e+02 2.4747827664e+02 2.4791945578e+02
 2.4836063492e+02 2.4882503401e+02 2.4924299320e+02 2.4966095238e+02
 2.5010213152e+02 2.5056653061e+02 2.5103092971e+02 2.5147210884e+02
 2.5189006803e+02 2.5233124717e+02 2.5277242630e+02 2.5323682540e+02
 2.5365478458e+02 2.5407274376e+02 2.5451392290e+02 2.5497832200e+02
 2.5544272109e+02 2.5586068027e+02 2.5627863946e+02 2.5669659864e+02
 2.5711455782e+02 2.5753251701e+02 2.5792725624e+02 2.5834521542e+02
 2.5876317460e+02 2.5915791383e+02 2.5957587302e+02 2.5999383220e+02
 2.6041179138e+02 2.6082975057e+02 2.6124770975e+02 2.6164244898e+02
 2.6203718821e+02 2.6245514739e+02 2.6287310658e+02 2.6329106576e+02
 2.6370902494e+02 2.6412698413e+02 2.6454494331e+02 2.6493968254e+02
 2.6535764172e+02 2.6575238095e+02 2.6610068027e+02 2.6644897959e+02
 2.6686693878e+02 2.6728489796e+02 2.6767963719e+02 2.6807437642e+02
 2.6846911565e+02 2.6886385488e+02 2.6928181406e+02 2.6969977324e+02
 2.7011773243e+02 2.7053569161e+02 2.7095365079e+02 2.7137160998e+02
 2.7178956916e+02 2.7220752834e+02 2.7262548753e+02 2.7304344671e+02
 2.7348462585e+02 2.7394902494e+02 2.7443664399e+02 2.7485460317e+02
 2.7527256236e+02 2.7569052154e+02 2.7613170068e+02 2.7657287982e+02
 2.7701405896e+02 2.7745523810e+02 2.7787319728e+02 2.7829115646e+02
 2.7870911565e+02 2.7910385488e+02 2.7952181406e+02 2.7991655329e+02
 2.8028807256e+02 2.8068281179e+02 2.8107755102e+02 2.8147229025e+02
 2.8186702948e+02 2.8228498866e+02 2.8270294785e+02 2.8312090703e+02
 2.8351564626e+02 2.8393360544e+02 2.8432834467e+02 2.8474630385e+02
 2.8516426304e+02 2.8558222222e+02 2.8600018141e+02 2.8641814059e+02
 2.8681287982e+02 2.8723083900e+02 2.8764879819e+02 2.8806675737e+02
 2.8848471655e+02 2.8890267574e+02 2.8934385488e+02 2.8978503401e+02
 2.9022621315e+02 2.9066739229e+02 2.9108535147e+02 2.9150331066e+02
 2.9194448980e+02 2.9240888889e+02 2.9287328798e+02 2.9329124717e+02
 2.9370920635e+02 2.9412716553e+02 2.9454512472e+02 2.9496308390e+02
 2.9535782313e+02 2.9577578231e+02 2.9619374150e+02 2.9658848073e+02
 2.9693678005e+02 2.9728507937e+02 2.9770303855e+02][1.6253968254e-01 5.8049886621e-01 9.7523809524e-01 1.3931972789e+00
 1.8111564626e+00 2.2291156463e+00 2.7863945578e+00 3.2043537415e+00
 3.5990929705e+00 4.0170521542e+00 4.4350113379e+00 4.8529705215e+00
 5.2709297052e+00 5.8049886621e+00 6.2229478458e+00 6.6409070295e+00
 7.1749659864e+00 7.5929251701e+00 8.0108843537e+00 8.4288435374e+00
 8.8468027211e+00 9.3808616780e+00 9.7988208617e+00 1.0216780045e+01
 1.0634739229e+01 1.1052698413e+01 1.1586757370e+01 1.2004716553e+01
 1.2422675737e+01 1.2817414966e+01 1.3235374150e+01 1.3653333333e+01
 1.4071292517e+01 1.4605351474e+01 1.5023310658e+01 1.5441269841e+01
 1.5998548753e+01 1.6416507937e+01 1.6811247166e+01 1.7229206349e+01
 1.7647165533e+01 1.8181224490e+01 1.8599183673e+01 1.9017142857e+01
 1.9435102041e+01 1.9853061224e+01 2.0387120181e+01 2.0805079365e+01
 2.1223038549e+01 2.1640997732e+01 2.2058956916e+01 2.2593015873e+01
 2.3010975057e+01 2.3428934240e+01 2.3846893424e+01 2.4264852608e+01
 2.4798911565e+01 2.5216870748e+01 2.5634829932e+01 2.6029569161e+01
 2.6447528345e+01 2.6865487528e+01 2.7283446712e+01 2.7724625850e+01
 2.8189024943e+01 2.8653424036e+01 2.9071383220e+01 2.9489342404e+01
 2.9930521542e+01 3.0394920635e+01 3.0859319728e+01 3.1277278912e+01
 3.1695238095e+01 3.2136417234e+01 3.2577596372e+01 3.3041995465e+01
 3.3459954649e+01 3.3877913832e+01 3.4249433107e+01 3.4620952381e+01
 3.5015691610e+01 3.5410430839e+01 3.5805170068e+01 3.6223129252e+01
 3.6641088435e+01 3.7059047619e+01 3.7477006803e+01 3.8011065760e+01
 3.8429024943e+01 3.8846984127e+01 3.9241723356e+01 3.9659682540e+01
 4.0077641723e+01 4.0495600907e+01 4.1029659864e+01 4.1447619048e+01
 4.1865578231e+01 4.2399637188e+01 4.2817596372e+01 4.3235555556e+01
 4.3653514739e+01 4.4071473923e+01 4.4489433107e+01 4.4907392290e+01
 4.5325351474e+01 4.5743310658e+01 4.6161269841e+01 4.6556009070e+01
 4.6973968254e+01 4.7368707483e+01 4.7786666667e+01 4.8181405896e+01
 4.8599365079e+01 4.9017324263e+01 4.9435283447e+01 4.9853242630e+01
 5.0247981859e+01 5.0665941043e+01 5.1223219955e+01 5.1641179138e+01
 5.2059138322e+01 5.2477097506e+01 5.2895056689e+01 5.3313015873e+01
 5.3730975057e+01 5.4148934240e+01 5.4566893424e+01 5.4984852608e+01
 5.5402811791e+01 5.5820770975e+01 5.6238730159e+01 5.6656689342e+01
 5.7074648526e+01 5.7492607710e+01 5.7910566893e+01 5.8328526077e+01
 5.8746485261e+01 5.9164444444e+01 5.9582403628e+01 6.0000362812e+01
 6.0418321995e+01 6.0836281179e+01 6.1254240363e+01 6.1672199546e+01
 6.2113378685e+01 6.2508117914e+01 6.2926077098e+01 6.3320816327e+01
 6.3738775510e+01 6.4110294785e+01 6.4505034014e+01 6.4899773243e+01
 6.5294512472e+01 6.5689251701e+01 6.6083990930e+01 6.6501950113e+01
 6.6919909297e+01 6.7337868481e+01 6.7732607710e+01 6.8150566893e+01
 6.8545306122e+01 6.8963265306e+01 6.9381224490e+01 6.9799183673e+01
 7.0217142857e+01 7.0635102041e+01 7.1053061224e+01 7.1471020408e+01
 7.1888979592e+01 7.2283718821e+01 7.2701678005e+01 7.3119637188e+01
 7.3560816327e+01 7.4001995465e+01 7.4443174603e+01 7.4884353741e+01
 7.5325532880e+01 7.5720272109e+01 7.6138231293e+01 7.6532970522e+01
 7.6950929705e+01 7.7345668934e+01 7.7763628118e+01 7.8181587302e+01
 7.8599546485e+01 7.9017505669e+01 7.9435464853e+01 7.9853424036e+01
 8.0271383220e+01 8.0666122449e+01 8.1084081633e+01 8.1502040816e+01
 8.1920000000e+01 8.2337959184e+01 8.2779138322e+01 8.3220317460e+01
 8.3684716553e+01 8.4125895692e+01 8.4543854875e+01 8.4985034014e+01
 8.5426213152e+01 8.5890612245e+01 8.6308571429e+01 8.6726530612e+01
 8.7144489796e+01 8.7562448980e+01 8.7980408163e+01 8.8398367347e+01
 8.8793106576e+01 8.9211065760e+01 8.9605804989e+01 8.9954104308e+01
 9.0302403628e+01 9.0720362812e+01 9.1138321995e+01 9.1579501134e+01
 9.2043900227e+01 9.2508299320e+01 9.2926258503e+01 9.3344217687e+01
 9.3785396825e+01 9.4249795918e+01 9.4714195011e+01 9.5132154195e+01
 9.5526893424e+01 9.5944852608e+01 9.6362811791e+01 9.6780770975e+01
 9.7198730159e+01 9.7616689342e+01 9.8011428571e+01 9.8429387755e+01
 9.8777687075e+01 9.9125986395e+01 9.9520725624e+01 9.9938684807e+01
 1.0037986395e+02 1.0084426304e+02 1.0130866213e+02 1.0172662132e+02
 1.0214458050e+02 1.0258575964e+02 1.0305015873e+02 1.0351455782e+02
 1.0393251701e+02 1.0435047619e+02 1.0479165533e+02 1.0525605442e+02
 1.0572045351e+02 1.0613841270e+02 1.0655637188e+02 1.0699755102e+02
 1.0746195011e+02 1.0792634921e+02 1.0834430839e+02 1.0873904762e+02
 1.0918022676e+02 1.0964462585e+02 1.1010902494e+02 1.1055020408e+02
 1.1096816327e+02 1.1140934240e+02 1.1185052154e+02 1.1231492063e+02
 1.1273287982e+02 1.1315083900e+02 1.1354557823e+02 1.1396353741e+02
 1.1438149660e+02 1.1479945578e+02 1.1521741497e+02 1.1563537415e+02
 1.1603011338e+02 1.1644807256e+02 1.1686603175e+02 1.1728399093e+02
 1.1770195011e+02 1.1809668934e+02 1.1851464853e+02 1.1893260771e+02
 1.1935056689e+02 1.1976852608e+02 1.2020970522e+02 1.2067410431e+02
 1.2113850340e+02 1.2153324263e+02 1.2195120181e+02 1.2241560091e+02
 1.2285678005e+02 1.2332117914e+02 1.2376235828e+02 1.2418031746e+02
 1.2462149660e+02 1.2506267574e+02 1.2552707483e+02 1.2594503401e+02
 1.2636299320e+02 1.2675773243e+02 1.2715247166e+02 1.2754721088e+02
 1.2796517007e+02 1.2838312925e+02 1.2880108844e+02 1.2921904762e+02
 1.2963700680e+02 1.3005496599e+02 1.3047292517e+02 1.3089088435e+02
 1.3130884354e+02 1.3172680272e+02 1.3214476190e+02 1.3256272109e+02
 1.3302712018e+02 1.3351473923e+02 1.3393269841e+02 1.3435065760e+02
 1.3476861678e+02 1.3520979592e+02 1.3565097506e+02 1.3609215420e+02
 1.3653333333e+02 1.3697451247e+02 1.3743891156e+02 1.3792653061e+02
 1.3834448980e+02 1.3876244898e+02 1.3918040816e+02 1.3962158730e+02
 1.4006276644e+02 1.4050394558e+02 1.4094512472e+02 1.4136308390e+02
 1.4178104308e+02 1.4219900227e+02 1.4259374150e+02 1.4301170068e+02
 1.4338321995e+02 1.4377795918e+02 1.4417269841e+02 1.4456743764e+02
 1.4496217687e+02 1.4535691610e+02 1.4577487528e+02 1.4619283447e+02
 1.4661079365e+02 1.4702875283e+02 1.4742349206e+02 1.4781823129e+02
 1.4823619048e+02 1.4865414966e+02 1.4907210884e+02 1.4949006803e+02
 1.4990802721e+02 1.5032598639e+02 1.5072072562e+02 1.5111546485e+02
 1.5153342404e+02 1.5195138322e+02 1.5236934240e+02 1.5278730159e+02
 1.5318204082e+02 1.5360000000e+02 1.5401795918e+02 1.5443591837e+02
 1.5485387755e+02 1.5527183673e+02 1.5566657596e+02 1.5601487528e+02
 1.5636317460e+02 1.5678113379e+02 1.5717587302e+02 1.5759383220e+02
 1.5801179138e+02 1.5842975057e+02 1.5884770975e+02 1.5926566893e+02
 1.5968362812e+02 1.6007836735e+02 1.6042666667e+02 1.6077496599e+02
 1.6116970522e+02 1.6158766440e+02 1.6205206349e+02 1.6249324263e+02
 1.6295764172e+02 1.6339882086e+02 1.6379356009e+02 1.6423473923e+02
 1.6469913832e+02 1.6516353741e+02 1.6558149660e+02 1.6599945578e+02
 1.6644063492e+02 1.6690503401e+02 1.6736943311e+02 1.6778739229e+02
 1.6820535147e+02 1.6864653061e+02 1.6911092971e+02 1.6957532880e+02
 1.6999328798e+02 1.7041124717e+02 1.7085242630e+02 1.7131682540e+02
 1.7178122449e+02 1.7219918367e+02 1.7261714286e+02 1.7305832200e+02
 1.7349950113e+02 1.7396390023e+02 1.7438185941e+02 1.7479981859e+02
 1.7526421769e+02 1.7570539683e+02 1.7616979592e+02 1.7658775510e+02
 1.7700571429e+02 1.7744689342e+02 1.7791129252e+02 1.7837569161e+02
 1.7879365079e+02 1.7921160998e+02 1.7960634921e+02 1.8002430839e+02
 1.8044226757e+02 1.8086022676e+02 1.8127818594e+02 1.8169614512e+02
 1.8209088435e+02 1.8243918367e+02 1.8278748299e+02 1.8320544218e+02
 1.8360018141e+02 1.8401814059e+02 1.8443609977e+02 1.8485405896e+02
 1.8527201814e+02 1.8568997732e+02 1.8608471655e+02 1.8650267574e+02
 1.8692063492e+02 1.8733859410e+02 1.8775655329e+02 1.8817451247e+02
 1.8859247166e+02 1.8898721088e+02 1.8938195011e+02 1.8979990930e+02
 1.9021786848e+02 1.9065904762e+02 1.9112344671e+02 1.9158784580e+02
 1.9200580499e+02 1.9242376417e+02 1.9286494331e+02 1.9332934240e+02
 1.9379374150e+02 1.9421170068e+02 1.9462965986e+02 1.9507083900e+02
 1.9553523810e+02 1.9599963719e+02 1.9641759637e+02 1.9681233560e+02
 1.9720707483e+02 1.9760181406e+02 1.9799655329e+02 1.9841451247e+02
 1.9883247166e+02 1.9925043084e+02 1.9966839002e+02 2.0008634921e+02
 2.0050430839e+02 2.0092226757e+02 2.0134022676e+02 2.0175818594e+02
 2.0217614512e+02 2.0259410431e+02 2.0301206349e+02 2.0343002268e+02
 2.0384798186e+02 2.0424272109e+02 2.0466068027e+02 2.0503219955e+02
 2.0542693878e+02 2.0582167800e+02 2.0621641723e+02 2.0661115646e+02
 2.0700589569e+02 2.0742385488e+02 2.0784181406e+02 2.0825977324e+02
 2.0867773243e+02 2.0907247166e+02 2.0946721088e+02 2.0988517007e+02
 2.1030312925e+02 2.1072108844e+02 2.1113904762e+02 2.1155700680e+02
 2.1197496599e+02 2.1239292517e+02 2.1278766440e+02 2.1320562358e+02
 2.1362358277e+02 2.1404154195e+02 2.1448272109e+02 2.1492390023e+02
 2.1536507937e+02 2.1580625850e+02 2.1622421769e+02 2.1664217687e+02
 2.1706013605e+02 2.1745487528e+02 2.1787283447e+02 2.1826757370e+02
 2.1868553288e+02 2.1910349206e+02 2.1952145125e+02 2.1993941043e+02
 2.2035736961e+02 2.2077532880e+02 2.2119328798e+02 2.2158802721e+02
 2.2200598639e+02 2.2242394558e+02 2.2281868481e+02 2.2323664399e+02
 2.2370104308e+02 2.2414222222e+02 2.2460662132e+02 2.2504780045e+02
 2.2546575964e+02 2.2590693878e+02 2.2634811791e+02 2.2681251701e+02
 2.2723047619e+02 2.2764843537e+02 2.2808961451e+02 2.2855401361e+02
 2.2901841270e+02 2.2943637188e+02 2.2985433107e+02 2.3029551020e+02
 2.3075990930e+02 2.3122430839e+02 2.3164226757e+02 2.3206022676e+02
 2.3250140590e+02 2.3296580499e+02 2.3343020408e+02 2.3384816327e+02
 2.3426612245e+02 2.3470730159e+02 2.3514848073e+02 2.3561287982e+02
 2.3603083900e+02 2.3644879819e+02 2.3688997732e+02 2.3735437642e+02
 2.3781877551e+02 2.3825995465e+02 2.3865469388e+02 2.3909587302e+02
 2.3956027211e+02 2.4002467120e+02 2.4044263039e+02 2.4086058957e+02
 2.4130176871e+02 2.4176616780e+02 2.4223056689e+02 2.4264852608e+02
 2.4306648526e+02 2.4350766440e+02 2.4397206349e+02 2.4443646259e+02
 2.4485442177e+02 2.4527238095e+02 2.4571356009e+02 2.4617795918e+02
 2.4664235828e+02 2.4706031746e+02 2.4747827664e+02 2.4791945578e+02
 2.4836063492e+02 2.4882503401e+02 2.4924299320e+02 2.4966095238e+02
 2.5010213152e+02 2.5056653061e+02 2.5103092971e+02 2.5147210884e+02
 2.5189006803e+02 2.5233124717e+02 2.5277242630e+02 2.5323682540e+02
 2.5365478458e+02 2.5407274376e+02 2.5451392290e+02 2.5497832200e+02
 2.5544272109e+02 2.5586068027e+02 2.5627863946e+02 2.5669659864e+02
 2.5711455782e+02 2.5753251701e+02 2.5792725624e+02 2.5834521542e+02
 2.5876317460e+02 2.5915791383e+02 2.5957587302e+02 2.5999383220e+02
 2.6041179138e+02 2.6082975057e+02 2.6124770975e+02 2.6164244898e+02
 2.6203718821e+02 2.6245514739e+02 2.6287310658e+02 2.6329106576e+02
 2.6370902494e+02 2.6412698413e+02 2.6454494331e+02 2.6493968254e+02
 2.6535764172e+02 2.6575238095e+02 2.6610068027e+02 2.6644897959e+02
 2.6686693878e+02 2.6728489796e+02 2.6767963719e+02 2.6807437642e+02
 2.6846911565e+02 2.6886385488e+02 2.6928181406e+02 2.6969977324e+02
 2.7011773243e+02 2.7053569161e+02 2.7095365079e+02 2.7137160998e+02
 2.7178956916e+02 2.7220752834e+02 2.7262548753e+02 2.7304344671e+02
 2.7348462585e+02 2.7394902494e+02 2.7443664399e+02 2.7485460317e+02
 2.7527256236e+02 2.7569052154e+02 2.7613170068e+02 2.7657287982e+02
 2.7701405896e+02 2.7745523810e+02 2.7787319728e+02 2.7829115646e+02
 2.7870911565e+02 2.7910385488e+02 2.7952181406e+02 2.7991655329e+02
 2.8028807256e+02 2.8068281179e+02 2.8107755102e+02 2.8147229025e+02
 2.8186702948e+02 2.8228498866e+02 2.8270294785e+02 2.8312090703e+02
 2.8351564626e+02 2.8393360544e+02 2.8432834467e+02 2.8474630385e+02
 2.8516426304e+02 2.8558222222e+02 2.8600018141e+02 2.8641814059e+02
 2.8681287982e+02 2.8723083900e+02 2.8764879819e+02 2.8806675737e+02
 2.8848471655e+02 2.8890267574e+02 2.8934385488e+02 2.8978503401e+02
 2.9022621315e+02 2.9066739229e+02 2.9108535147e+02 2.9150331066e+02
 2.9194448980e+02 2.9240888889e+02 2.9287328798e+02 2.9329124717e+02
 2.9370920635e+02 2.9412716553e+02 2.9454512472e+02 2.9496308390e+02
 2.9535782313e+02 2.9577578231e+02 2.9619374150e+02 2.9658848073e+02
 2.9693678005e+02 2.9728507937e+02 2.9770303855e+02][1.6253968253968254e-01 5.8049886621315194e-01 9.7523809523809524e-01
 1.3931972789115645e+00 1.8111564625850340e+00 2.2291156462585033e+00
 2.7863945578231291e+00 3.2043537414965986e+00 3.5990929705215420e+00
 4.0170521541950110e+00 4.4350113378684810e+00 4.8529705215419501e+00
 5.2709297052154191e+00 5.8049886621315192e+00 6.2229478458049883e+00
 6.6409070294784582e+00 7.1749659863945574e+00 7.5929251700680274e+00
 8.0108843537414973e+00 8.4288435374149664e+00 8.8468027210884355e+00
 9.3808616780045355e+00 9.7988208616780046e+00 1.0216780045351474e+01
 1.0634739229024943e+01 1.1052698412698414e+01 1.1586757369614512e+01
 1.2004716553287983e+01 1.2422675736961452e+01 1.2817414965986394e+01
 1.3235374149659863e+01 1.3653333333333334e+01 1.4071292517006803e+01
 1.4605351473922903e+01 1.5023310657596372e+01 1.5441269841269841e+01
 1.5998548752834466e+01 1.6416507936507937e+01 1.6811247165532880e+01
 1.7229206349206351e+01 1.7647165532879818e+01 1.8181224489795920e+01
 1.8599183673469387e+01 1.9017142857142858e+01 1.9435102040816325e+01
 1.9853061224489796e+01 2.0387120181405894e+01 2.0805079365079365e+01
 2.1223038548752836e+01 2.1640997732426303e+01 2.2058956916099774e+01
 2.2593015873015872e+01 2.3010975056689343e+01 2.3428934240362810e+01
 2.3846893424036281e+01 2.4264852607709752e+01 2.4798911564625850e+01
 2.5216870748299321e+01 2.5634829931972789e+01 2.6029569160997731e+01
 2.6447528344671202e+01 2.6865487528344673e+01 2.7283446712018140e+01
 2.7724625850340136e+01 2.8189024943310656e+01 2.8653424036281180e+01
 2.9071383219954647e+01 2.9489342403628118e+01 2.9930521541950114e+01
 3.0394920634920634e+01 3.0859319727891158e+01 3.1277278911564625e+01
 3.1695238095238096e+01 3.2136417233560088e+01 3.2577596371882088e+01
 3.3041995464852604e+01 3.3459954648526079e+01 3.3877913832199546e+01
 3.4249433106575964e+01 3.4620952380952382e+01 3.5015691609977324e+01
 3.5410430839002267e+01 3.5805170068027209e+01 3.6223129251700684e+01
 3.6641088435374151e+01 3.7059047619047618e+01 3.7477006802721085e+01
 3.8011065759637191e+01 3.8429024943310658e+01 3.8846984126984125e+01
 3.9241723356009068e+01 3.9659682539682542e+01 4.0077641723356010e+01
 4.0495600907029477e+01 4.1029659863945575e+01 4.1447619047619050e+01
 4.1865578231292517e+01 4.2399637188208615e+01 4.2817596371882090e+01
 4.3235555555555557e+01 4.3653514739229024e+01 4.4071473922902491e+01
 4.4489433106575966e+01 4.4907392290249433e+01 4.5325351473922900e+01
 4.5743310657596375e+01 4.6161269841269842e+01 4.6556009070294785e+01
 4.6973968253968252e+01 4.7368707482993194e+01 4.7786666666666669e+01
 4.8181405895691611e+01 4.8599365079365079e+01 4.9017324263038546e+01
 4.9435283446712020e+01 4.9853242630385488e+01 5.0247981859410430e+01
 5.0665941043083897e+01 5.1223219954648528e+01 5.1641179138321995e+01
 5.2059138321995462e+01 5.2477097505668937e+01 5.2895056689342404e+01
 5.3313015873015871e+01 5.3730975056689346e+01 5.4148934240362813e+01
 5.4566893424036280e+01 5.4984852607709747e+01 5.5402811791383222e+01
 5.5820770975056689e+01 5.6238730158730156e+01 5.6656689342403631e+01
 5.7074648526077098e+01 5.7492607709750565e+01 5.7910566893424033e+01
 5.8328526077097507e+01 5.8746485260770974e+01 5.9164444444444442e+01
 5.9582403628117916e+01 6.0000362811791383e+01 6.0418321995464851e+01
 6.0836281179138325e+01 6.1254240362811792e+01 6.1672199546485260e+01
 6.2113378684807259e+01 6.2508117913832201e+01 6.2926077097505669e+01
 6.3320816326530611e+01 6.3738775510204079e+01 6.4110294784580503e+01
 6.4505034013605439e+01 6.4899773242630388e+01 6.5294512471655324e+01
 6.5689251700680273e+01 6.6083990929705209e+01 6.6501950113378683e+01
 6.6919909297052158e+01 6.7337868480725618e+01 6.7732607709750567e+01
 6.8150566893424042e+01 6.8545306122448977e+01 6.8963265306122452e+01
 6.9381224489795912e+01 6.9799183673469386e+01 7.0217142857142861e+01
 7.0635102040816321e+01 7.1053061224489795e+01 7.1471020408163270e+01
 7.1888979591836730e+01 7.2283718820861679e+01 7.2701678004535154e+01
 7.3119637188208614e+01 7.3560816326530613e+01 7.4001995464852612e+01
 7.4443174603174597e+01 7.4884353741496597e+01 7.5325532879818596e+01
 7.5720272108843531e+01 7.6138231292517005e+01 7.6532970521541955e+01
 7.6950929705215415e+01 7.7345668934240365e+01 7.7763628117913825e+01
 7.8181587301587300e+01 7.8599546485260774e+01 7.9017505668934234e+01
 7.9435464852607709e+01 7.9853424036281183e+01 8.0271383219954643e+01
 8.0666122448979593e+01 8.1084081632653067e+01 8.1502040816326527e+01
 8.1920000000000002e+01 8.2337959183673476e+01 8.2779138321995461e+01
 8.3220317460317460e+01 8.3684716553287984e+01 8.4125895691609983e+01
 8.4543854875283444e+01 8.4985034013605443e+01 8.5426213151927442e+01
 8.5890612244897966e+01 8.6308571428571426e+01 8.6726530612244900e+01
 8.7144489795918361e+01 8.7562448979591835e+01 8.7980408163265309e+01
 8.8398367346938770e+01 8.8793106575963719e+01 8.9211065759637194e+01
 8.9605804988662129e+01 8.9954104308390029e+01 9.0302403628117915e+01
 9.0720362811791389e+01 9.1138321995464850e+01 9.1579501133786849e+01
 9.2043900226757373e+01 9.2508299319727897e+01 9.2926258503401357e+01
 9.3344217687074831e+01 9.3785396825396830e+01 9.4249795918367340e+01
 9.4714195011337864e+01 9.5132154195011339e+01 9.5526893424036288e+01
 9.5944852607709748e+01 9.6362811791383223e+01 9.6780770975056683e+01
 9.7198730158730157e+01 9.7616689342403632e+01 9.8011428571428567e+01
 9.8429387755102042e+01 9.8777687074829927e+01 9.9125986394557827e+01
 9.9520725623582763e+01 9.9938684807256237e+01 1.0037986394557824e+02
 1.0084426303854875e+02 1.0130866213151927e+02 1.0172662131519274e+02
 1.0214458049886622e+02 1.0258575963718820e+02 1.0305015873015873e+02
 1.0351455782312925e+02 1.0393251700680273e+02 1.0435047619047619e+02
 1.0479165532879819e+02 1.0525605442176871e+02 1.0572045351473923e+02
 1.0613841269841269e+02 1.0655637188208617e+02 1.0699755102040817e+02
 1.0746195011337869e+02 1.0792634920634920e+02 1.0834430839002268e+02
 1.0873904761904762e+02 1.0918022675736961e+02 1.0964462585034013e+02
 1.1010902494331066e+02 1.1055020408163266e+02 1.1096816326530612e+02
 1.1140934240362812e+02 1.1185052154195012e+02 1.1231492063492064e+02
 1.1273287981859410e+02 1.1315083900226757e+02 1.1354557823129252e+02
 1.1396353741496598e+02 1.1438149659863946e+02 1.1479945578231292e+02
 1.1521741496598639e+02 1.1563537414965987e+02 1.1603011337868480e+02
 1.1644807256235828e+02 1.1686603174603175e+02 1.1728399092970521e+02
 1.1770195011337869e+02 1.1809668934240362e+02 1.1851464852607710e+02
 1.1893260770975057e+02 1.1935056689342403e+02 1.1976852607709750e+02
 1.2020970521541950e+02 1.2067410430839003e+02 1.2113850340136054e+02
 1.2153324263038549e+02 1.2195120181405896e+02 1.2241560090702947e+02
 1.2285678004535147e+02 1.2332117913832199e+02 1.2376235827664399e+02
 1.2418031746031745e+02 1.2462149659863945e+02 1.2506267573696145e+02
 1.2552707482993198e+02 1.2594503401360544e+02 1.2636299319727891e+02
 1.2675773242630386e+02 1.2715247165532880e+02 1.2754721088435375e+02
 1.2796517006802721e+02 1.2838312925170069e+02 1.2880108843537414e+02
 1.2921904761904761e+02 1.2963700680272109e+02 1.3005496598639456e+02
 1.3047292517006804e+02 1.3089088435374148e+02 1.3130884353741496e+02
 1.3172680272108843e+02 1.3214476190476191e+02 1.3256272108843538e+02
 1.3302712018140591e+02 1.3351473922902494e+02 1.3393269841269841e+02
 1.3435065759637189e+02 1.3476861678004536e+02 1.3520979591836735e+02
 1.3565097505668933e+02 1.3609215419501135e+02 1.3653333333333333e+02
 1.3697451247165532e+02 1.3743891156462584e+02 1.3792653061224490e+02
 1.3834448979591838e+02 1.3876244897959182e+02 1.3918040816326530e+02
 1.3962158730158731e+02 1.4006276643990930e+02 1.4050394557823128e+02
 1.4094512471655329e+02 1.4136308390022677e+02 1.4178104308390022e+02
 1.4219900226757369e+02 1.4259374149659865e+02 1.4301170068027210e+02
 1.4338321995464852e+02 1.4377795918367346e+02 1.4417269841269842e+02
 1.4456743764172336e+02 1.4496217687074829e+02 1.4535691609977323e+02
 1.4577487528344670e+02 1.4619283446712018e+02 1.4661079365079365e+02
 1.4702875283446713e+02 1.4742349206349206e+02 1.4781823129251700e+02
 1.4823619047619047e+02 1.4865414965986395e+02 1.4907210884353742e+02
 1.4949006802721090e+02 1.4990802721088434e+02 1.5032598639455782e+02
 1.5072072562358278e+02 1.5111546485260772e+02 1.5153342403628119e+02
 1.5195138321995464e+02 1.5236934240362811e+02 1.5278730158730158e+02
 1.5318204081632652e+02 1.5359999999999999e+02 1.5401795918367347e+02
 1.5443591836734694e+02 1.5485387755102042e+02 1