[  0.58049887   1.41641723   2.22911565   3.20435374   4.08671202
   4.99229025   5.80498866   6.64090703   7.59292517   8.47528345
   9.38086168  10.21678005  11.05269841  12.00471655  12.88707483
  13.79265306  14.62857143  15.44126984  16.41650794  17.29886621
  18.20444444  19.01714286  19.85306122  20.80507937  21.68743764
  22.59301587  23.42893424  24.24163265  24.93823129  25.63482993
  26.44752834  27.14412698  27.9568254   28.65342404  29.4893424
  30.23238095  30.99863946  31.83455782  32.64725624  33.4831746
  34.36553288  35.27111111  36.08380952  37.03582766  38.01106576
  38.84698413  39.65968254  40.49560091  41.44761905  42.39963719
  43.23555556  44.07147392  44.79129252  45.58077098  46.41668934
  47.25260771  48.13496599  49.01732426  49.85324263  50.66594104
  51.64117914  52.50031746  53.35945578  54.2185941   55.07773243
  55.93687075  56.79600907  57.65514739  58.51428571  59.37342404
  60.23256236  61.09170068  61.97405896  62.78675737  63.73877551
  64.59791383  65.48027211  66.36263039  67.19854875  68.15056689
  69.00970522  69.89206349  70.77442177  71.58712018  72.53913832
  73.4214966   74.30385488  75.18621315  75.99891156  76.95092971
  77.71718821  78.50666667  79.29614512  79.99274376  80.80544218
  81.50204082  82.31473923  83.01133787  83.70793651  84.4277551
  85.21723356  85.9138322   86.72653061  87.56244898  88.39836735
  89.21106576  89.95410431  90.72036281  91.60272109  92.50829932
  93.22811791  94.01759637  94.71419501  95.52689342  96.22349206
  96.9200907   97.61668934  98.42938776  99.12598639  99.93868481
 100.70494331 101.47120181 102.28390023 103.09659864 103.93251701
 104.81487528 105.72045351 106.44027211 107.22975057 107.92634921
 108.73904762 109.50530612 110.27156463 111.10748299 111.92018141
 112.73287982 113.6152381  114.52081633 115.21741497 116.03011338
 116.72671202 117.44653061 118.23600907 118.93260771 119.6524263
 120.44190476 121.1385034  121.95120181 122.64780045 123.34439909
 124.15709751 124.85369615 125.55029478 126.3629932  127.22213152
 128.08126984 128.94040816 129.79954649 130.65868481 131.54104308
 132.42340136 133.23609977 134.21133787 135.07047619 135.95283447
 136.83519274 137.64789116 138.5999093  139.45904762 140.3414059
 141.22376417 142.05968254 143.01170068 143.870839   144.75319728
 145.63555556 146.44825397 147.40027211 148.16653061 148.95600907
 149.74548753 150.46530612 151.27800454 151.97460317 152.78730159
 153.6        154.43591837 155.27183673 156.01487528 156.78113379
 157.66349206 158.54585034 159.26566893 160.07836735 160.77496599
 161.5876644  162.3539229  163.12018141 163.93287982 164.74557823
 165.5814966  166.46385488 167.36943311 168.06603175 168.87873016
 169.5753288  170.38802721 171.08462585 171.78122449 172.50104308
 173.29052154 173.98712018 174.79981859 175.63573696 176.47165533
 177.28435374 178.02739229 178.79365079 179.67600907 180.5815873
 181.3014059  182.09088435 182.78748299 183.60018141 184.43609977
 185.27201814 186.08471655 186.99029478 187.87265306 188.70857143
 189.5444898  190.35718821 191.16988662 192.00580499 192.88816327
 193.7937415  194.49034014 195.30303855 195.99963719 196.8123356
 197.67147392 198.53061224 199.38975057 200.24888889 201.10802721
 201.99038549 202.87274376 203.70866213 204.66068027 205.51981859
 206.40217687 207.28453515 208.09723356 209.07247166 209.93160998
 210.81396825 211.69632653 212.50902494 213.46104308 214.34340136
 215.22575964 216.10811791 216.92081633 217.87283447 218.63909297
 219.42857143 220.21804989 220.93786848 221.72734694 222.42394558
 223.23664399 224.07256236 224.90848073 225.72117914 226.46421769
 227.23047619 228.11283447 229.0184127  229.73823129 230.52770975
 231.22430839 232.0370068  232.73360544 233.43020408 234.15002268
 234.93950113 235.63609977 236.44879819 237.21505669 237.98131519
 238.79401361 239.60671202 240.44263039 241.32498866 242.23056689
 242.92716553 243.73986395 244.43646259 245.249161   245.94575964
 246.64235828 247.36217687 248.15165533 248.84825397 249.66095238
 250.42721088 251.19346939 252.0061678  252.81886621 253.65478458
 254.53714286 255.44272109 256.13931973 256.95201814 257.64861678
 258.36843537 259.15791383 259.9938322  260.82975057 261.64244898
 262.45514739 263.33750567 264.2430839  264.96290249 265.75238095
 266.47219955 267.28489796 268.14403628 269.0031746  269.86231293
 270.72145125 271.58058957 272.46294785 273.34530612 274.15800454
 275.11002268 275.99238095 276.87473923 277.75709751 278.56979592
 279.52181406 280.38095238 281.26331066 282.14566893 282.95836735
 283.93360544 284.79274376 285.67510204 286.55746032 287.37015873
 288.32217687 289.08843537 289.87791383 290.66739229 291.38721088
 292.17668934 292.87328798 293.70920635 294.4522449  295.2185034
 296.05442177 296.86712018][  0.58049887   1.41641723   2.22911565   3.20435374   4.08671202
   4.99229025   5.80498866   6.64090703   7.59292517   8.47528345
   9.38086168  10.21678005  11.05269841  12.00471655  12.88707483
  13.79265306  14.62857143  15.44126984  16.41650794  17.29886621
  18.20444444  19.01714286  19.85306122  20.80507937  21.68743764
  22.59301587  23.42893424  24.24163265  24.93823129  25.63482993
  26.44752834  27.14412698  27.9568254   28.65342404  29.4893424
  30.23238095  30.99863946  31.83455782  32.64725624  33.4831746
  34.36553288  35.27111111  36.08380952  37.03582766  38.01106576
  38.84698413  39.65968254  40.49560091  41.44761905  42.39963719
  43.23555556  44.07147392  44.79129252  45.58077098  46.41668934
  47.25260771  48.13496599  49.01732426  49.85324263  50.66594104
  51.64117914  52.50031746  53.35945578  54.2185941   55.07773243
  55.93687075  56.79600907  57.65514739  58.51428571  59.37342404
  60.23256236  61.09170068  61.97405896  62.78675737  63.73877551
  64.59791383  65.48027211  66.36263039  67.19854875  68.15056689
  69.00970522  69.89206349  70.77442177  71.58712018  72.53913832
  73.4214966   74.30385488  75.18621315  75.99891156  76.95092971
  77.71718821  78.50666667  79.29614512  79.99274376  80.80544218
  81.50204082  82.31473923  83.01133787  83.70793651  84.4277551
  85.21723356  85.9138322   86.72653061  87.56244898  88.39836735
  89.21106576  89.95410431  90.72036281  91.60272109  92.50829932
  93.22811791  94.01759637  94.71419501  95.52689342  96.22349206
  96.9200907   97.61668934  98.42938776  99.12598639  99.93868481
 100.70494331 101.47120181 102.28390023 103.09659864 103.93251701
 104.81487528 105.72045351 106.44027211 107.22975057 107.92634921
 108.73904762 109.50530612 110.27156463 111.10748299 111.92018141
 112.73287982 113.6152381  114.52081633 115.21741497 116.03011338
 116.72671202 117.44653061 118.23600907 118.93260771 119.6524263
 120.44190476 121.1385034  121.95120181 122.64780045 123.34439909
 124.15709751 124.85369615 125.55029478 126.3629932  127.22213152
 128.08126984 128.94040816 129.79954649 130.65868481 131.54104308
 132.42340136 133.23609977 134.21133787 135.07047619 135.95283447
 136.83519274 137.64789116 138.5999093  139.45904762 140.3414059
 141.22376417 142.05968254 143.01170068 143.870839   144.75319728
 145.63555556 146.44825397 147.40027211 148.16653061 148.95600907
 149.74548753 150.46530612 151.27800454 151.97460317 152.78730159
 153.6        154.43591837 155.27183673 156.01487528 156.78113379
 157.66349206 158.54585034 159.26566893 160.07836735 160.77496599
 161.5876644  162.3539229  163.12018141 163.93287982 164.74557823
 165.5814966  166.46385488 167.36943311 168.06603175 168.87873016
 169.5753288  170.38802721 171.08462585 171.78122449 172.50104308
 173.29052154 173.98712018 174.79981859 175.63573696 176.47165533
 177.28435374 178.02739229 178.79365079 179.67600907 180.5815873
 181.3014059  182.09088435 182.78748299 183.60018141 184.43609977
 185.27201814 186.08471655 186.99029478 187.87265306 188.70857143
 189.5444898  190.35718821 191.16988662 192.00580499 192.88816327
 193.7937415  194.49034014 195.30303855 195.99963719 196.8123356
 197.67147392 198.53061224 199.38975057 200.24888889 201.10802721
 201.99038549 202.87274376 203.70866213 204.66068027 205.51981859
 206.40217687 207.28453515 208.09723356 209.07247166 209.93160998
 210.81396825 211.69632653 212.50902494 213.46104308 214.343401